1.52711 7.00959e-06 -2.1873e-07 -4.99506e-07 4.11483e-06 -1.33351e-05 0.0570767 -0.620892 -0.596207 0.0491361 0.374547 0.359055 0.372378 1.35647e-07 1.42339e-07 2.6572e-07 0.000943467 0.002965 0.000946261 0.00306827 0.00131452 0.00353433 0.00355255 0.0128609 0.0042501 0.0111506 0.0049386 0.012564 5260 0 0 0 0 -0.00470269 0.0570771 0 0 0 0 -1 -1.522e-10
1.52711 7.00153e-06 -2.1873e-07 -3.47925e-07 4.11483e-06 -1.33483e-05 0.0570767 -0.62867 -0.604144 0.0434948 0.377174 0.361578 0.372183 1.35647e-07 1.42339e-07 2.6572e-07 0.00094677 0.002965 0.00094958 0.00306827 0.00131417 0.00353433 0.0035619 0.0128609 0.00427288 0.0111506 0.00492477 0.012564 5260 0 0 0 0 -0.00260011 0.0570771 0 0 0 0.00210258 0 -2.91233e-11
1.52711 6.9935e-06 -2.17922e-07 -1.96312e-07 4.11569e-06 -1.33596e-05 0.0570768 -0.636453 -0.612084 0.0372349 0.379835 0.364136 0.372017 1.35646e-07 1.42338e-07 2.65719e-07 0.000950103 0.002965 0.000952931 0.00306827 0.00131388 0.00353422 0.00357125 0.0128609 0.00429565 0.0111506 0.00491093 0.0125631 5260 0 0 0 0 -0.000497528 0.0570771 0 0 0 0.00210258 1 9.39536e-11
1.52715 6.98578e-06 -2.09778e-07 -4.44033e-08 4.12372e-06 -1.33448e-05 0.0570775 -0.644289 -0.620074 0.0278152 0.382532 0.366731 0.371898 1.35647e-07 1.42338e-07 2.65715e-07 0.000953465 0.00296505 0.000956314 0.00306831 0.00131365 0.00353365 0.0035806 0.0128603 0.00431842 0.0111504 0.00489712 0.0125875 5260 0 0 0 0 0.00160505 0.0570771 0 0 0 0.00210258 2 2.17031e-10
1.52723 6.97783e-06 -2.02558e-07 1.07336e-07 4.13096e-06 -1.33384e-05 0.057079 -0.65217 -0.628098 0.0201621 0.38527 0.369366 0.371819 1.35646e-07 1.42338e-07 2.65709e-07 0.000956856 0.0029651 0.000959729 0.00306833 0.00131348 0.0035333 0.00358995 0.0128587 0.00434119 0.011151 0.00488337 0.0125938 5260 4.8154e-10 1.3072e-08 4.35452e-10 1.18209e-08 0.0037077 0.0570788 0 0 0 0.00210265 3 3.40107e-10
1.52731 6.97038e-06 -2.06017e-07 2.59674e-07 4.12649e-06 -1.33381e-05 0.0570805 -0.659964 -0.636032 0.0137324 0.38804 0.372034 0.371762 1.35646e-07 1.42337e-07 2.65707e-07 0.000960276 0.00296503 0.000963176 0.00306824 0.00131336 0.00353312 0.0035993 0.0128566 0.00436396 0.0111511 0.00486968 0.0125996 5260 3.48509e-10 -3.61129e-09 1.08109e-10 -8.88613e-09 0.00581041 0.0570805 0 0 0 0.00210271 4 4.63184e-10
1.52737 6.96336e-06 -2.0956e-07 4.12396e-07 4.12092e-06 -1.33442e-05 0.0570817 -0.667734 -0.643964 0.0074127 0.390842 0.374734 0.371724 1.35645e-07 1.42337e-07 2.65709e-07 0.000963724 0.00296494 0.000966652 0.00306816 0.00131328 0.00353304 0.00360865 0.0128541 0.00438672 0.0111515 0.00485599 0.012603 5260 -3.48328e-10 -1.89165e-08 -8.08238e-10 -2.48753e-08 0.00791317 0.0570819 0 0 0 0.00210276 5 5.86261e-10
1.52742 6.95631e-06 -2.12982e-07 5.65115e-07 4.11668e-06 -1.33487e-05 0.0570826 -0.675514 -0.65192 0.00111475 0.393673 0.377465 0.371709 1.35645e-07 1.42337e-07 2.65712e-07 0.0009672 0.00296489 0.00097016 0.00306813 0.00131325 0.00353301 0.00361799 0.0128521 0.00440948 0.0111521 0.00484232 0.0126065 5260 -1.14361e-09 -2.15888e-08 -1.87818e-09 -2.9045e-08 0.010016 0.0570827 0 0 0 0.00210279 6 7.09338e-10
1.52744 6.9493e-06 -2.16082e-07 7.17909e-07 4.11497e-06 -1.33538e-05 0.0570829 -0.683421 -0.659983 -0.00485693 0.396534 0.380226 0.371718 1.35644e-07 1.42336e-07 2.65713e-07 0.000970704 0.00296504 0.000973698 0.00306829 0.00131326 0.003533 0.00362734 0.0128515 0.00443223 0.011153 0.00482865 0.012608 5260 -2.0977e-09 -2.58999e-08 -3.08555e-09 -3.27755e-08 0.0121188 0.0570831 0 0 0 0.0021028 7 8.32415e-10
1.52741 6.94228e-06 -2.10897e-07 8.70571e-07 4.11575e-06 -1.33597e-05 0.0570824 -0.691646 -0.668356 -0.0103086 0.399424 0.383016 0.371747 1.35644e-07 1.42336e-07 2.65712e-07 0.000974237 0.00296567 0.000977268 0.00306892 0.00131332 0.00353302 0.00363668 0.0128539 0.00445499 0.0111551 0.00481497 0.0126087 5260 -2.84364e-09 -2.02494e-08 -4.13277e-09 -2.84278e-08 0.0142215 0.0570826 0 0 0 0.00210278 8 9.55492e-10
1.52731 6.935e-06 -2.09247e-07 1.02305e-06 4.10772e-06 -1.33728e-05 0.0570806 -0.700312 -0.67717 -0.0148646 0.402341 0.385835 0.371783 1.35644e-07 1.42336e-07 2.65713e-07 0.000977803 0.00296697 0.000980872 0.00307025 0.00131341 0.00353312 0.00364604 0.0128602 0.00447777 0.0111591 0.00480127 0.0126088 5260 -3.27191e-09 -1.16259e-08 -5.29297e-09 -3.14951e-08 0.0163243 0.057081 0 0 0 0.00210272 9 1.07857e-09
1.52713 6.92878e-06 -2.35827e-07 1.17625e-06 4.06422e-06 -1.33966e-05 0.0570771 -0.709598 -0.686532 -0.0184704 0.405286 0.388679 0.371832 1.35643e-07 1.42337e-07 2.65709e-07 0.000981402 0.00296921 0.000984513 0.00307245 0.00131352 0.00353317 0.00365542 0.0128733 0.00450058 0.0111653 0.00478751 0.0126049 5260 -5.73942e-09 -6.69835e-08 -8.77878e-09 -9.46264e-08 0.0184269 0.0570778 0 0 0 0.00210261 10 1.20165e-09
1.5268 6.92594e-06 -2.87774e-07 1.33258e-06 3.96089e-06 -1.341e-05 0.057071 -0.720033 -0.696794 -0.018253 0.408254 0.391547 0.371875 1.35643e-07 1.42338e-07 2.65695e-07 0.000985041 0.0029732 0.000988195 0.00307608 0.00131364 0.00353306 0.00366484 0.0128972 0.00452345 0.0111755 0.00477368 0.0125508 5260 -1.3503e-08 -2.10752e-07 -1.91923e-08 -2.82688e-07 0.0205292 0.0570714 0 0 0 0.00210237 11 1.32472e-09
1.52624 6.9292e-06 -3.76846e-07 1.49287e-06 3.78792e-06 -1.3318e-05 0.0570605 -0.732043 -0.7085 -0.0147383 0.411243 0.394429 0.371923 1.35642e-07 1.4234e-07 2.65647e-07 0.000988728 0.0029796 0.000991926 0.00308206 0.00131372 0.00353263 0.00367433 0.0129357 0.00454641 0.0111923 0.00475968 0.012481 5260 -3.06427e-08 -4.65277e-07 -3.99468e-08 -5.63404e-07 0.0226311 0.057058 0 0 0 0.00210188 12 1.4478e-09
1.52539 6.94179e-06 -5.20203e-07 1.66374e-06 3.56714e-06 -1.31433e-05 0.0570446 -0.745728 -0.722077 -0.00971064 0.414244 0.397336 0.37192 1.35642e-07 1.4234e-07 2.65594e-07 0.000992469 0.00298869 0.000995713 0.00309099 0.00131377 0.00353257 0.00368391 0.0129979 0.0045695 0.0112186 0.00474539 0.0124623 5260 -6.2398e-08 -8.62033e-07 -7.94094e-08 -1.07126e-06 0.0247323 0.0570398 0 0 0 0.00210121 13 1.57088e-09
1.52414 6.96418e-06 -7.3266e-07 1.84779e-06 3.38139e-06 -1.30601e-05 0.0570213 -0.762192 -0.737945 0.00595894 0.417254 0.400238 0.371698 1.35644e-07 1.42347e-07 2.65617e-07 0.000996279 0.00300219 0.00099957 0.00310383 0.00131371 0.0035344 0.00369362 0.0131038 0.0045928 0.0112593 0.00473059 0.0123915 5260 -1.11773e-07 -1.34035e-06 -1.38899e-07 -1.61492e-06 0.0268328 0.057019 0 0 0 0.00210045 14 1.69395e-09
1.52226 6.99442e-06 -1.09275e-06 2.04628e-06 3.18909e-06 -1.29952e-05 0.056986 -0.783343 -0.757456 0.0329064 0.420278 0.403123 0.371315 1.35641e-07 1.42358e-07 2.65619e-07 0.00100018 0.00302304 0.00100351 0.00312286 0.00131344 0.00353919 0.00370351 0.0132589 0.00461644 0.0113156 0.00471511 0.0122232 5260 -1.82266e-07 -1.91359e-06 -2.19906e-07 -2.19901e-06 0.028932 0.0569843 0 0 0 0.00209917 15 1.81703e-09
1.51966 7.03286e-06 -1.53448e-06 2.26506e-06 2.94153e-06 -1.27917e-05 0.0569372 -0.809836 -0.781077 0.0563463 0.423305 0.406005 0.37063 1.35639e-07 1.42368e-07 2.65703e-07 0.0010042 0.00305263 0.00100757 0.00314895 0.001313 0.00354824 0.00371368 0.0134419 0.00464052 0.0114107 0.00470139 0.0120613 5260 -2.77238e-07 -2.57813e-06 -3.30332e-07 -2.99763e-06 0.0310292 0.0569317 0 0 0 0.00209724 16 1.94011e-09
1.51641 7.07556e-06 -1.9106e-06 2.50996e-06 2.82921e-06 -1.24374e-05 0.0568764 -0.841694 -0.809485 0.082542 0.426342 0.40889 0.369763 1.35645e-07 1.42388e-07 2.65782e-07 0.00100836 0.00309141 0.00101175 0.00318346 0.00131237 0.00356128 0.00372418 0.0136834 0.00466514 0.0116769 0.00469554 0.0118512 5260 -3.90318e-07 -3.06963e-06 -4.7101e-07 -3.81881e-06 0.0331241 0.0568667 0 0 0 0.00209486 17 2.06318e-09
1.51214 7.11901e-06 -2.24412e-06 2.77792e-06 2.83695e-06 -1.17494e-05 0.0567961 -0.87999 -0.844405 0.148051 0.429397 0.411739 0.368514 1.35648e-07 1.42419e-07 2.6585e-07 0.00101269 0.00314152 0.00101609 0.00322993 0.00131125 0.00359699 0.00373509 0.0140288 0.00469051 0.0120495 0.00468789 0.0118142 5260 -5.16436e-07 -3.42357e-06 -6.34459e-07 -4.43694e-06 0.0352156 0.0567774 0 0 0 0.00209158 18 2.18626e-09
1.50657 7.16188e-06 -2.54247e-06 3.05465e-06 2.40163e-06 -1.04372e-05 0.0566914 -0.926816 -0.888349 0.203616 0.432455 0.414582 0.366685 1.35649e-07 1.4245e-07 2.66056e-07 0.00101723 0.00320713 0.00102065 0.003293 0.00130971 0.00364506 0.00374654 0.0144232 0.00471671 0.0124538 0.00467878 0.0119432 5260 -6.52963e-07 -3.70611e-06 -8.22717e-07 -5.11037e-06 0.0373027 0.0566556 0 0 0 0.00208711 19 2.30934e-09
1.50008 7.21018e-06 -2.72162e-06 3.35065e-06 1.88392e-06 -8.25256e-06 0.056569 -0.982998 -0.93751 0.240112 0.43558 0.417504 0.363628 1.35655e-07 1.42474e-07 2.66968e-07 0.00102202 0.00329016 0.00102544 0.00336668 0.0013079 0.00369904 0.00375888 0.0148415 0.004744 0.0130061 0.00466661 0.0123009 5260 -8.0152e-07 -4.03263e-06 -1.04931e-06 -6.15096e-06 0.0393845 0.0565095 0 0 0 0.00208174 20 2.43242e-09
1.49281 7.26779e-06 -2.6057e-06 3.67757e-06 1.57432e-06 -6.57231e-06 0.0564316 -1.04571 -0.989053 0.302567 0.438797 0.42047 0.360345 1.35672e-07 1.42513e-07 2.678e-07 0.0010271 0.00338679 0.00103046 0.00344695 0.00130561 0.00378542 0.00377217 0.0152638 0.00477265 0.0136901 0.00465259 0.0126368 5260 -9.55121e-07 -4.16953e-06 -1.31823e-06 -7.29994e-06 0.0414617 0.0563858 0 0 0 0.0020772 21 2.55549e-09
1.48407 7.31693e-06 -2.49348e-06 4.01243e-06 1.29014e-06 -4.31868e-06 0.0562659 -1.11177 -1.0448 0.405968 0.442049 0.423421 0.356278 1.35687e-07 1.42556e-07 2.68782e-07 0.00103247 0.0034926 0.00103575 0.00353771 0.00130252 0.00394569 0.00378639 0.0157527 0.00480264 0.0143812 0.00463511 0.0131963 5260 -1.09612e-06 -3.82745e-06 -1.60556e-06 -7.79941e-06 0.0435322 0.0562046 0 0 0 0.00207054 22 2.67857e-09
1.47415 7.34435e-06 -2.15872e-06 4.33288e-06 1.21866e-06 -2.39459e-06 0.0560774 -1.17939 -1.1059 0.473994 0.44539 0.426442 0.351756 1.35696e-07 1.42592e-07 2.69811e-07 0.00103814 0.00360415 0.00104132 0.00364077 0.00129889 0.00408641 0.00380164 0.0162987 0.0048336 0.014891 0.00461503 0.0140851 5260 -1.20306e-06 -2.90288e-06 -1.8811e-06 -7.47944e-06 0.0455962 0.056025 0 0 0 0.00206395 23 2.80165e-09
1.46354 7.40309e-06 -1.79124e-06 4.66636e-06 6.52566e-07 2.2199e-07 0.0558751 -1.24363 -1.16781 0.542733 0.448923 0.42974 0.344613 1.35683e-07 1.42576e-07 2.72631e-07 0.00104409 0.00371147 0.00104716 0.00374639 0.00129469 0.00427459 0.00381792 0.0168442 0.00486548 0.0153833 0.00459378 0.0154737 5260 -1.3278e-06 -3.38583e-06 -2.19053e-06 -8.39936e-06 0.047652 0.0558039 0 0 0 0.00205583 24 2.92472e-09
1.45273 7.48225e-06 -2.23353e-06 5.02844e-06 -8.75182e-08 3.9902e-06 0.0556682 -1.30135 -1.22258 0.568185 0.452595 0.433114 0.336732 1.35677e-07 1.42585e-07 2.76054e-07 0.00105027 0.00380847 0.00105325 0.00384095 0.00129021 0.00440687 0.00383501 0.0172907 0.00489842 0.0159531 0.00456944 0.0167228 5260 -1.48923e-06 -4.38196e-06 -2.55583e-06 -9.9155e-06 0.0496991 0.0555656 0 0 0 0.00204708 25 3.0478e-09
1.4425 7.57303e-06 -2.83214e-06 5.42884e-06 -5.03556e-07 6.91674e-06 0.0554716 -1.35799 -1.2719 0.598556 0.45651 0.436731 0.33178 1.35681e-07 1.42594e-07 2.77128e-07 0.00105669 0.00390366 0.00105955 0.00392526 0.00128547 0.00451548 0.00385288 0.0176678 0.00493233 0.0164833 0.00454199 0.0176378 5260 -1.68435e-06 -5.29624e-06 -2.97476e-06 -1.13714e-05 0.0517398 0.0553919 0 0 0 0.00204069 26 3.17088e-09
1.43237 7.67658e-06 -2.64265e-06 5.83732e-06 -5.35282e-07 1.01834e-05 0.0552762 -1.41013 -1.31383 0.684976 0.460613 0.440499 0.325992 1.35683e-07 1.42601e-07 2.78658e-07 0.00106331 0.00399068 0.00106601 0.00399569 0.00127999 0.00475924 0.00387161 0.0180387 0.00496679 0.0168218 0.0045131 0.018822 5260 -1.88525e-06 -5.4531e-06 -3.40295e-06 -1.16224e-05 0.0537729 0.0551873 0 0 0 0.00203318 27 3.29395e-09
1.42268 7.78712e-06 -2.45304e-06 6.25059e-06 -4.06731e-07 1.42851e-05 0.0550889 -1.45278 -1.34806 0.703339 0.464955 0.44445 0.32091 1.35674e-07 1.42603e-07 2.7961e-07 0.00107009 0.00405908 0.00107261 0.0040507 0.00127431 0.00485475 0.00389094 0.0182807 0.00500172 0.0171034 0.0044822 0.0196223 5260 -2.08617e-06 -5.45357e-06 -3.83118e-06 -1.16236e-05 0.0557984 0.0549773 0 0 0 0.00202547 28 3.41703e-09
1.41492 7.89977e-06 -2.48532e-06 6.6694e-06 -3.50179e-07 1.70686e-05 0.0549382 -1.48716 -1.37637 0.705673 0.469686 0.448776 0.314537 1.35672e-07 1.42604e-07 2.81922e-07 0.00107698 0.00410927 0.0010793 0.00409158 0.00126854 0.00493613 0.00391405 0.0184709 0.00503691 0.0172845 0.0044511 0.0199744 5260 -2.29038e-06 -5.5428e-06 -4.26288e-06 -1.17175e-05 0.0578197 0.0548624 0 0 0 0.00202125 29 3.54011e-09
1.40884 8.01473e-06 -2.51966e-06 7.09245e-06 -4.0447e-07 2.05356e-05 0.0548201 -1.51556 -1.39894 0.716882 0.474777 0.453445 0.309065 1.35671e-07 1.42601e-07 2.83626e-07 0.00108397 0.00414553 0.00108605 0.00411865 0.00126262 0.00502661 0.00394282 0.0186059 0.00507229 0.0174122 0.00442023 0.020195 5260 -2.49816e-06 -5.63959e-06 -4.70081e-06 -1.18866e-05 0.0598359 0.0547257 0 0 0 0.00201623 30 3.66318e-09
1.40519 8.13011e-06 -2.52539e-06 7.51982e-06 -4.18608e-07 2.37194e-05 0.0547489 -1.53723 -1.41602 0.704592 0.480347 0.458556 0.306353 1.35668e-07 1.42597e-07 2.83127e-07 0.001091 0.00416523 0.00109285 0.00413142 0.00125679 0.00501847 0.00397171 0.0186795 0.00510772 0.0174599 0.00438902 0.0204684 5260 -2.70658e-06 -5.65706e-06 -5.14359e-06 -1.20181e-05 0.0618498 0.0546622 0 0 0 0.00201389 31 3.78626e-09
1.40409 8.24487e-06 -2.53006e-06 7.94749e-06 -4.22318e-07 2.69353e-05 0.0547275 -1.55316 -1.42944 0.697164 0.4864 0.46412 0.303558 1.35667e-07 1.42595e-07 2.82991e-07 0.00109807 0.00417022 0.00109967 0.00413338 0.00125099 0.00502371 0.00400062 0.0186981 0.00514315 0.0174648 0.00436227 0.0205094 5260 -2.91454e-06 -5.64473e-06 -5.58679e-06 -1.20298e-05 0.0638629 0.0546399 0 0 0 0.00201307 32 3.90934e-09
1.40565 8.36111e-06 -2.52949e-06 8.37551e-06 -4.24274e-07 2.99276e-05 0.0547578 -1.56632 -1.44186 0.684862 0.492962 0.470164 0.301281 1.35668e-07 1.42597e-07 2.82686e-07 0.00110514 0.00416607 0.00110651 0.0041296 0.00124527 0.00500964 0.00402951 0.0186815 0.00517856 0.0174465 0.00434982 0.0205108 5260 -3.12396e-06 -5.68417e-06 -6.03043e-06 -1.20414e-05 0.0658773 0.0546764 0 0 0 0.00201441 33 4.03242e-09
1.41001 8.48046e-06 -2.56467e-06 8.80536e-06 -4.56125e-07 3.28807e-05 0.0548427 -1.57837 -1.45489 0.67278 0.500074 0.476733 0.299548 1.35669e-07 1.42601e-07 2.82194e-07 0.00111223 0.00415576 0.00111336 0.00412297 0.00123963 0.00498775 0.00405839 0.0186409 0.00521398 0.0174202 0.00433747 0.0204134 5260 -3.3378e-06 -5.80415e-06 -6.47706e-06 -1.21228e-05 0.0678948 0.0547623 0 0 0 0.00201757 34 4.15549e-09
1.41705 8.60623e-06 -2.64711e-06 9.24048e-06 -5.2347e-07 3.50306e-05 0.0549797 -1.59088 -1.47011 0.672713 0.50772 0.483824 0.298755 1.35675e-07 1.4261e-07 2.81081e-07 0.00111933 0.00414263 0.00112025 0.00411674 0.001234 0.00497809 0.00408729 0.0186056 0.00524946 0.0174123 0.00432524 0.0201878 5260 -3.56108e-06 -6.06051e-06 -6.93145e-06 -1.23334e-05 0.0699182 0.0549211 0 0 0 0.0020234 35 4.27857e-09
1.42633 8.74312e-06 -2.66075e-06 9.68372e-06 -4.82013e-07 3.79712e-05 0.0551594 -1.60722 -1.49025 0.691168 0.515837 0.491384 0.296332 1.35688e-07 1.42625e-07 2.81632e-07 0.00112646 0.00413365 0.00112719 0.0041168 0.00122817 0.00503819 0.00411632 0.0186206 0.00528513 0.0174479 0.00431257 0.0202855 5260 -3.796e-06 -6.37629e-06 -7.39243e-06 -1.25123e-05 0.0719475 0.0550794 0 0 0 0.00202922 36 4.40165e-09
1.43751 8.8563e-06 -2.33956e-06 1.01091e-05 -1.83274e-07 4.22938e-05 0.0553753 -1.63094 -1.51725 0.675348 0.524413 0.499399 0.293031 1.35707e-07 1.42646e-07 2.83252e-07 0.00113364 0.00413563 0.00113421 0.00412702 0.00122241 0.00503384 0.00414553 0.0186597 0.00532116 0.0175517 0.00429922 0.0203995 5260 -3.99537e-06 -5.41161e-06 -7.8245e-06 -1.17281e-05 0.0739832 0.0552576 0 0 0 0.00203576 37 4.52472e-09
1.45095 8.91615e-06 -1.82323e-06 1.05131e-05 2.14272e-07 4.40276e-05 0.0556339 -1.66288 -1.55182 0.673669 0.5336 0.508002 0.288731 1.3572e-07 1.42664e-07 2.86074e-07 0.00114092 0.00414891 0.00114135 0.00414773 0.00121659 0.00508049 0.00417505 0.018764 0.00535782 0.0177819 0.00428595 0.0203008 5260 -4.12237e-06 -3.44736e-06 -8.22064e-06 -1.07528e-05 0.0760311 0.0555867 0 0 0 0.00204785 38 4.6478e-09
1.46533 8.93191e-06 -1.21083e-06 1.08752e-05 5.76405e-07 4.88937e-05 0.0559089 -1.70338 -1.59603 0.705345 0.543119 0.516942 0.280788 1.35747e-07 1.42698e-07 2.92592e-07 0.00114834 0.00417629 0.00114865 0.00418499 0.00121032 0.00527479 0.00420499 0.0189012 0.00539538 0.01814 0.00427277 0.0206054 5260 -4.18273e-06 -1.63852e-06 -8.56145e-06 -9.25106e-06 0.0780859 0.0557764 0 0 0 0.00205482 39 4.77088e-09
1.48003 8.91162e-06 -4.91943e-07 1.12118e-05 8.71137e-07 5.51088e-05 0.0561888 -1.7601 -1.65599 0.737463 0.552786 0.526154 0.269566 1.35825e-07 1.42755e-07 3.02865e-07 0.00115595 0.00423317 0.00115618 0.00425089 0.00120349 0.00554731 0.00423565 0.0192384 0.00543403 0.0185846 0.00425592 0.0218116 5260 -4.18056e-06 5.91014e-08 -8.86594e-06 -8.26518e-06 0.0801496 0.0560196 0 0 0 0.00206375 40 4.89395e-09
1.49424 8.91366e-06 -2.57923e-07 1.15538e-05 5.30376e-07 6.37415e-05 0.0564581 -1.83945 -1.73109 0.765536 0.562891 0.535756 0.262413 1.35866e-07 1.42782e-07 3.08858e-07 0.00116386 0.00432902 0.001164 0.00434345 0.00119623 0.00574099 0.0042675 0.0196603 0.00547409 0.0191805 0.00423782 0.0231006 5260 -4.19208e-06 -3.12802e-07 -9.18837e-06 -8.75217e-06 0.0822209 0.0562231 0 0 0 0.00207122 41 5.01703e-09
1.50855 8.97265e-06 -9.16884e-07 1.19081e-05 -2.68326e-07 7.43684e-05 0.056728 -1.93263 -1.81458 0.765751 0.573627 0.545773 0.255452 1.35866e-07 1.42809e-07 3.14838e-07 0.00117211 0.00444633 0.00117215 0.00444975 0.00118877 0.00586127 0.0043006 0.0200892 0.0055155 0.019744 0.00421664 0.024233 5260 -4.28484e-06 -2.51793e-06 -9.55251e-06 -9.88468e-06 0.0843 0.0564386 0 0 0 0.00207914 42 5.14011e-09
1.52288 9.07612e-06 -1.5516e-06 1.22889e-05 -7.10916e-07 8.57552e-05 0.056997 -2.03289 -1.90906 0.759901 0.584756 0.556091 0.250167 1.35888e-07 1.42878e-07 3.18935e-07 0.00118072 0.00457451 0.00118066 0.00457562 0.00118122 0.00593033 0.00433753 0.0206334 0.00555836 0.0203405 0.00419513 0.0249329 5260 -4.44544e-06 -4.35963e-06 -9.9595e-06 -1.10481e-05 0.0863882 0.0566869 0 0 0 0.00208825 43 5.26318e-09
1.53705 9.17182e-06 -1.7548e-06 1.26818e-05 -7.09603e-07 9.61049e-05 0.0572618 -2.13962 -2.01455 0.789439 0.596406 0.56715 0.249523 1.35901e-07 1.42877e-07 3.17003e-07 0.00118972 0.00471132 0.00118958 0.0047174 0.00117338 0.00599125 0.00438178 0.0211521 0.00560331 0.0212457 0.00417323 0.0255336 5260 -4.60576e-06 -4.3521e-06 -1.03785e-05 -1.13738e-05 0.0884873 0.0569799 0 0 0 0.00209901 44 5.38626e-09
1.54949 9.2225e-06 -1.17376e-06 1.30715e-05 -4.57987e-07 0.000106045 0.057493 -2.24614 -2.12037 0.886429 0.608178 0.578391 0.246588 1.35926e-07 1.42877e-07 3.1723e-07 0.0011991 0.0048476 0.00119889 0.00485938 0.00116451 0.00631078 0.00442743 0.0217415 0.00565034 0.0221705 0.0041496 0.0258949 5260 -4.69965e-06 -2.54873e-06 -1.0785e-05 -1.10367e-05 0.0905952 0.0572223 0 0 0 0.00210791 45 5.50934e-09
1.55875 9.24014e-06 -4.12816e-07 1.34849e-05 -4.30346e-07 0.000115438 0.0576647 -2.3506 -2.22559 0.961648 0.619993 0.589645 0.240986 1.35913e-07 1.42852e-07 3.20129e-07 0.00120882 0.00498055 0.00120859 0.0050011 0.00115472 0.00664776 0.0044742 0.0222169 0.00569914 0.0229338 0.00412223 0.0268641 5260 -4.73246e-06 -8.90771e-07 -1.12143e-05 -1.16534e-05 0.0927099 0.0574088 0 0 0 0.00211476 46 5.63242e-09
1.56614 9.22856e-06 8.20412e-08 1.38984e-05 -9.51954e-07 0.000125107 0.0578013 -2.45028 -2.32886 0.966314 0.631753 0.600816 0.235903 1.35933e-07 1.42877e-07 3.22159e-07 0.00121888 0.00510604 0.00121865 0.00514075 0.00114473 0.00674795 0.00452207 0.0226961 0.00574949 0.02362 0.00409145 0.0281079 5260 -4.71781e-06 3.97674e-07 -1.16629e-05 -1.21764e-05 0.0948294 0.0575379 0 0 0 0.0021195 47 5.75549e-09
1.57238 9.19615e-06 5.97165e-07 1.43125e-05 -6.15519e-07 0.000133979 0.0579164 -2.54917 -2.43062 1.00142 0.643818 0.61245 0.233491 1.35936e-07 1.42852e-07 3.2025e-07 0.00122926 0.00522831 0.00122906 0.00527443 0.00113435 0.00687542 0.00457096 0.0231363 0.00580079 0.0240219 0.00405866 0.0287569 5260 -4.66337e-06 1.4779e-06 -1.20995e-05 -1.18542e-05 0.096954 0.0576747 0 0 0 0.00212452 48 5.87857e-09
1.57677 9.1577e-06 1.13854e-06 1.47245e-05 9.63543e-08 0.000142481 0.0579972 -2.63642 -2.51769 1.04064 0.656051 0.624178 0.230427 1.35909e-07 1.42816e-07 3.18782e-07 0.00123989 0.00532905 0.00123975 0.00538067 0.00112351 0.00703687 0.00462067 0.0235059 0.00585333 0.0245771 0.00402413 0.0294104 5260 -4.58294e-06 2.1835e-06 -1.2508e-05 -1.10879e-05 0.0990818 0.0577656 0 0 0 0.00212786 49 6.00165e-09
1.5796 9.10444e-06 1.28417e-06 1.51294e-05 3.39421e-07 0.000150656 0.0580491 -2.71165 -2.59384 1.0624 0.668182 0.635754 0.227071 1.35908e-07 1.42823e-07 3.17401e-07 0.00125074 0.00540997 0.00125066 0.0054687 0.00111238 0.00714737 0.00467111 0.0238384 0.00590663 0.0249158 0.00398783 0.0299573 5260 -4.48233e-06 2.73129e-06 -1.29003e-05 -1.06522e-05 0.101212 0.0578264 0 0 0 0.00213009 50 6.12472e-09
1.58111 9.03473e-06 1.29677e-06 1.5526e-05 3.29224e-07 0.000158725 0.0580769 -2.77933 -2.66449 1.08155 0.680279 0.64736 0.223198 1.35919e-07 1.42835e-07 3.16468e-07 0.00126176 0.00547852 0.00126178 0.00554711 0.00110096 0.00726584 0.00472214 0.024107 0.00596068 0.025258 0.00395017 0.0305106 5260 -4.36481e-06 3.19032e-06 -1.32848e-05 -1.04367e-05 0.103343 0.0578571 0 0 0 0.00213122 51 6.2478e-09
1.58161 8.95874e-06 1.47202e-06 1.59125e-05 3.49641e-07 0.000166769 0.058086 -2.84266 -2.72913 1.08563 0.692424 0.659067 0.218671 1.35931e-07 1.42841e-07 3.16313e-07 0.00127293 0.00553978 0.00127306 0.00561436 0.00108938 0.00735322 0.00477367 0.0243476 0.00601531 0.0255308 0.00391142 0.0308008 5260 -4.23456e-06 3.53615e-06 -1.36584e-05 -1.01419e-05 0.105475 0.0578668 0 0 0 0.00213158 52 6.37088e-09
1.58137 8.87449e-06 1.53354e-06 1.62883e-05 3.66116e-07 0.000174817 0.0580815 -2.90374 -2.78665 1.08464 0.704713 0.670928 0.213893 1.35935e-07 1.42833e-07 3.16446e-07 0.00128424 0.00559667 0.00128448 0.0056681 0.00107769 0.00743307 0.00482566 0.0245648 0.0060705 0.0257986 0.00389165 0.0310726 5260 -4.09378e-06 3.82164e-06 -1.40206e-05 -9.83388e-06 0.107606 0.0578623 0 0 0 0.00213141 53 6.49395e-09
1.58067 8.77892e-06 1.44026e-06 1.66593e-05 3.74808e-07 0.000182848 0.0580686 -2.95712 -2.84033 1.07858 0.71709 0.682833 0.209066 1.35945e-07 1.42844e-07 3.16649e-07 0.00129566 0.00564026 0.00129602 0.00571532 0.00106592 0.00749896 0.00487803 0.0247556 0.00612615 0.026019 0.00387554 0.0313109 5260 -3.94512e-06 4.03587e-06 -1.43778e-05 -9.69714e-06 0.109737 0.0578498 0 0 0 0.00213095 54 6.61703e-09
1.57975 8.6769e-06 1.39667e-06 1.70244e-05 3.25134e-07 0.000190917 0.0580518 -3.00565 -2.88966 1.06683 0.729638 0.694877 0.204055 1.35951e-07 1.42858e-07 3.17194e-07 0.00130717 0.00567492 0.00130765 0.0057543 0.00105412 0.00755374 0.00493069 0.0249021 0.00618215 0.0261879 0.00385898 0.0315052 5260 -3.79161e-06 4.16737e-06 -1.4731e-05 -9.58651e-06 0.111867 0.057832 0 0 0 0.0021303 55 6.74011e-09
1.57896 8.57117e-06 1.47302e-06 1.73852e-05 3.62658e-07 0.000199067 0.0580372 -3.04873 -2.93138 1.05006 0.742366 0.707109 0.199077 1.35962e-07 1.42874e-07 3.17829e-07 0.00131874 0.00569964 0.00131935 0.00577898 0.00104236 0.00759237 0.00498356 0.0250027 0.00623844 0.0263287 0.00384212 0.0316248 5260 -3.63158e-06 4.34446e-06 -1.50784e-05 -9.43096e-06 0.113997 0.0578152 0 0 0 0.00212968 56 6.86318e-09
1.57864 8.46504e-06 1.50351e-06 1.77439e-05 3.89471e-07 0.000207233 0.0580313 -3.0836 -2.96485 1.02908 0.755383 0.719624 0.194513 1.35966e-07 1.42882e-07 3.18011e-07 0.00133034 0.00570909 0.00133108 0.00578759 0.00103069 0.00760338 0.0050365 0.0250424 0.0062948 0.0263656 0.00382517 0.031661 5260 -3.47002e-06 4.38579e-06 -1.54226e-05 -9.34593e-06 0.116127 0.0578088 0 0 0 0.00212945 57 6.98626e-09
1.57917 8.36008e-06 1.43843e-06 1.8102e-05 3.83619e-07 0.00021537 0.0580411 -3.10579 -2.98638 1.00496 0.768725 0.732465 0.19033 1.35966e-07 1.42882e-07 3.1783e-07 0.00134192 0.0056957 0.00134279 0.00577356 0.00101917 0.00759158 0.00508932 0.0249838 0.00635106 0.0263149 0.00380834 0.0315873 5260 -3.31203e-06 4.28905e-06 -1.57665e-05 -9.3367e-06 0.118256 0.0578194 0 0 0 0.00212984 58 7.10934e-09
1.58085 8.25603e-06 1.20532e-06 1.84527e-05 2.97528e-07 0.000223573 0.058072 -3.11296 -2.99296 0.97404 0.78242 0.745602 0.186124 1.3596e-07 1.42884e-07 3.18014e-07 0.00135343 0.00565581 0.00135443 0.00573233 0.00100787 0.00755926 0.00514186 0.0248287 0.00640696 0.0261266 0.00379174 0.0314292 5260 -3.16353e-06 4.03124e-06 -1.61063e-05 -9.22304e-06 0.120387 0.0578486 0 0 0 0.00213091 59 7.23242e-09
1.58411 8.15763e-06 8.28966e-07 1.87961e-05 1.90817e-07 0.000232018 0.0581318 -3.10417 -2.98557 0.936749 0.79651 0.759085 0.18246 1.35951e-07 1.42889e-07 3.17699e-07 0.00136481 0.00558814 0.00136594 0.00566574 0.000996887 0.00748632 0.00519393 0.0245782 0.00646222 0.0257974 0.00377569 0.0311809 5260 -3.03456e-06 3.50125e-06 -1.64426e-05 -9.13121e-06 0.12252 0.0579018 0 0 0 0.00213286 60 7.35549e-09
1.58946 8.07087e-06 6.13821e-07 1.91427e-05 1.33957e-07 0.000240647 0.05823 -3.08109 -2.96572 0.894616 0.810911 0.773021 0.179953 1.35968e-07 1.42893e-07 3.15883e-07 0.00137602 0.00549673 0.00137728 0.00557626 0.000986344 0.00735438 0.00524542 0.0242589 0.00651651 0.025304 0.00376066 0.0307438 5260 -2.92515e-06 2.9704e-06 -1.67843e-05 -9.27527e-06 0.124656 0.057995 0 0 0 0.00213628 61 7.47857e-09
1.59744 7.97601e-06 8.87353e-07 1.9475e-05 2.46334e-07 0.000249089 0.0583764 -3.04892 -2.92814 0.842102 0.825763 0.787395 0.176837 1.36008e-07 1.42914e-07 3.15744e-07 0.00138703 0.00538966 0.00138839 0.00545588 0.000976318 0.00721782 0.00529614 0.0238255 0.00656966 0.0246967 0.00374714 0.0301706 5260 -2.79757e-06 3.46348e-06 -1.71075e-05 -8.77339e-06 0.126798 0.0581464 0 0 0 0.00214184 62 7.60165e-09
1.60781 7.85603e-06 1.44013e-06 1.9778e-05 6.52045e-07 0.000257476 0.0585656 -3.00803 -2.87716 0.805927 0.841354 0.802258 0.172772 1.36009e-07 1.42926e-07 3.17779e-07 0.0013978 0.00526638 0.00139922 0.0053125 0.00096656 0.00718511 0.00534601 0.0233414 0.00662175 0.0241249 0.003735 0.0299142 5260 -2.62449e-06 4.69874e-06 -1.73864e-05 -7.57297e-06 0.128947 0.0583371 0 0 0 0.00214884 63 7.72472e-09
1.62034 7.71467e-06 1.70613e-06 2.00533e-05 8.70887e-07 0.00026734 0.0587936 -2.95828 -2.81982 0.743791 0.857459 0.817698 0.167946 1.35998e-07 1.42901e-07 3.21959e-07 0.00140832 0.00512889 0.00140975 0.00515816 0.000957339 0.00710415 0.00539496 0.0228224 0.00667257 0.0234299 0.00372288 0.029738 5260 -2.42024e-06 5.54501e-06 -1.76296e-05 -6.60133e-06 0.131103 0.0585249 0 0 0 0.00215573 64 7.8478e-09
1.63649 7.59894e-06 1.61573e-06 2.03398e-05 8.78371e-07 0.000277366 0.0590862 -2.9164 -2.76692 0.660683 0.874166 0.8336 0.166598 1.36031e-07 1.4293e-07 3.20601e-07 0.00141862 0.00500332 0.00142002 0.00501176 0.000949102 0.00682803 0.00544309 0.022318 0.00672242 0.0228432 0.00371358 0.0291417 5260 -2.24495e-06 4.75905e-06 -1.78837e-05 -6.89861e-06 0.133269 0.058813 0 0 0 0.00216631 65 7.97088e-09
1.6565 7.55576e-06 9.99899e-07 2.06665e-05 4.98993e-07 0.000286152 0.0594468 -2.88702 -2.72821 0.614755 0.892077 0.850379 0.164544 1.36034e-07 1.42967e-07 3.2129e-07 0.00142875 0.00489337 0.00143006 0.00488645 0.000941356 0.00671561 0.00549054 0.0218539 0.00677128 0.0222557 0.0037078 0.0277541 5260 -2.16489e-06 2.17362e-06 -1.8192e-05 -8.37132e-06 0.13545 0.0592074 0 0 0 0.00218079 66 8.09395e-09
1.67766 7.5942e-06 1.58649e-07 2.10549e-05 -1.82706e-07 0.000297895 0.0598256 -2.86737 -2.69506 0.616865 0.910175 0.867517 0.162166 1.36062e-07 1.42987e-07 3.22628e-07 0.00143874 0.00480027 0.00143992 0.00477131 0.000933484 0.00676346 0.00553751 0.0214919 0.00681905 0.0216133 0.00370153 0.0278134 5260 -2.19743e-06 -8.83417e-07 -1.85871e-05 -1.07267e-05 0.137642 0.0595056 0 0 0 0.00219173 67 8.21703e-09
1.69968 7.68879e-06 -2.42104e-07 2.14781e-05 -4.83207e-07 0.000312075 0.0602172 -2.86251 -2.66883 0.570379 0.928329 0.884536 0.160304 1.3613e-07 1.43062e-07 3.23365e-07 0.00144865 0.00473165 0.00144962 0.00467077 0.000926121 0.00665099 0.00558422 0.0212266 0.00686601 0.0210981 0.00369378 0.026811 5260 -2.30089e-06 -2.8092e-06 -1.90281e-05 -1.1974e-05 0.139845 0.0598308 0 0 0 0.00220367 68 8.34011e-09
1.72347 7.77043e-06 -2.2441e-07 2.18814e-05 -4.82874e-07 0.00032383 0.0606376 -2.87749 -2.66204 0.556362 0.946959 0.902125 0.157292 1.36227e-07 1.43132e-07 3.26655e-07 0.00145855 0.00469206 0.00145924 0.0045998 0.000918809 0.00668462 0.00563094 0.0210763 0.00691253 0.0207613 0.00368871 0.027013 5260 -2.39077e-06 -2.44018e-06 -1.94491e-05 -1.14309e-05 0.142067 0.0603173 0 0 0 0.00222152 69 8.46318e-09
1.7455 7.82824e-06 -1.25685e-07 2.22577e-05 -3.60269e-07 0.000338213 0.0610243 -2.91033 -2.67051 0.551282 0.965543 0.919567 0.153593 1.36298e-07 1.43176e-07 3.31263e-07 0.0014685 0.00468035 0.00146883 0.00455488 0.000911398 0.00677581 0.00567791 0.0210132 0.00695894 0.0205571 0.00368345 0.0278031 5260 -2.45318e-06 -1.69463e-06 -1.98387e-05 -1.05768e-05 0.1443 0.0606323 0 0 0 0.00223308 70 8.58626e-09
1.76774 7.8663e-06 -1.03835e-07 2.26202e-05 -3.04257e-07 0.000354251 0.0614123 -2.95697 -2.68946 0.507827 0.984663 0.937357 0.151796 1.36348e-07 1.43205e-07 3.32236e-07 0.00147855 0.00468717 0.00147843 0.00452563 0.000904488 0.00668289 0.00572523 0.0210396 0.00700551 0.0204956 0.00367705 0.0284767 5260 -2.49503e-06 -1.13633e-06 -2.02124e-05 -1.01473e-05 0.146546 0.0609751 0 0 0 0.00224566 71 8.70934e-09
1.79121 7.88782e-06 -9.31329e-08 2.29756e-05 -4.11398e-07 0.000369185 0.0618189 -3.01785 -2.72053 0.475933 1.0042 0.955409 0.152516 1.36442e-07 1.43282e-07 3.28145e-07 0.00148874 0.00471322 0.00148808 0.00451449 0.000898042 0.00652104 0.00577304 0.0211201 0.00705257 0.0205523 0.00367341 0.0279999 5260 -2.51996e-06 -6.76856e-07 -2.05829e-05 -1.00605e-05 0.148807 0.0614119 0 0 0 0.00226169 72 8.83242e-09
1.8135 7.90938e-06 1.19386e-07 2.33422e-05 -4.80177e-07 0.000382532 0.0622027 -3.09834 -2.77286 0.501848 1.02373 0.973227 0.15214 1.36558e-07 1.43399e-07 3.2602e-07 0.00149914 0.00476763 0.00149786 0.00453664 0.000891243 0.00655433 0.00582169 0.0213657 0.00710027 0.0207151 0.00367065 0.0284811 5260 -2.53709e-06 -4.65102e-07 -2.09672e-05 -1.04339e-05 0.151085 0.0618389 0 0 0 0.00227735 73 8.95549e-09
1.8331 7.933e-06 -3.88791e-08 2.37255e-05 -4.67177e-07 0.000393385 0.0625384 -3.19031 -2.8436 0.506488 1.04361 0.990867 0.152638 1.36597e-07 1.43497e-07 3.2174e-07 0.00150977 0.0048368 0.00150783 0.00458695 0.000884421 0.00649503 0.00587133 0.0216915 0.00714897 0.0210359 0.00366738 0.0294306 5260 -2.5621e-06 -6.79205e-07 -2.13676e-05 -1.08744e-05 0.153377 0.0622426 0 0 0 0.00229216 74 9.07857e-09
1.85 7.95978e-06 -2.51143e-07 2.41301e-05 -3.04166e-07 0.000405132 0.0628262 -3.29014 -2.92593 0.518382 1.06286 1.00853 0.150098 1.36692e-07 1.43555e-07 3.23465e-07 0.00152067 0.00491993 0.00151802 0.00465418 0.000877346 0.00658383 0.00592203 0.0220785 0.00719883 0.0214572 0.00366197 0.0286262 5260 -2.59809e-06 -9.77473e-07 -2.17834e-05 -1.12896e-05 0.155679 0.0625059 0 0 0 0.00230182 75 9.20165e-09
1.86309 7.98149e-06 -4.29749e-07 2.45415e-05 -2.21111e-07 0.000417698 0.0630484 -3.39676 -3.01076 0.511567 1.08184 1.02547 0.146734 1.36756e-07 1.43634e-07 3.26697e-07 0.00153184 0.00501377 0.00152844 0.00472854 0.000870232 0.00666164 0.00597388 0.0225029 0.00724991 0.0218859 0.00365359 0.0292433 5260 -2.63559e-06 -1.01828e-06 -2.22029e-05 -1.13918e-05 0.157988 0.0627058 0 0 0 0.00230915 76 9.32472e-09
1.87434 7.99659e-06 -6.83606e-07 2.49546e-05 -3.85417e-07 0.000429506 0.0632386 -3.50284 -3.10194 0.485308 1.10087 1.04239 0.145374 1.36819e-07 1.43715e-07 3.25618e-07 0.00154328 0.00510673 0.00153911 0.00481219 0.000863446 0.00660197 0.00602681 0.0228988 0.00730198 0.0222468 0.00364505 0.0293329 5260 -2.67583e-06 -1.09261e-06 -2.26302e-05 -1.16041e-05 0.160305 0.0629167 0 0 0 0.00231689 77 9.4478e-09
1.88372 8.03142e-06 -8.78137e-07 2.53922e-05 -5.79883e-07 0.000439923 0.0633968 -3.6086 -3.19108 0.494127 1.12029 1.05947 0.144795 1.36835e-07 1.43767e-07 3.2253e-07 0.00155498 0.00519757 0.00155002 0.00489245 0.000856549 0.00659837 0.00608068 0.0232455 0.00735518 0.0226854 0.00363615 0.029323 5260 -2.74296e-06 -1.82299e-06 -2.30891e-05 -1.24621e-05 0.162629 0.0631128 0 0 0 0.00232408 78 9.57088e-09
1.88956 8.08643e-06 -9.52906e-07 2.58485e-05 -8.60156e-07 0.000449997 0.063495 -3.69823 -3.27315 0.506269 1.13928 1.07599 0.142903 1.36832e-07 1.43818e-07 3.219e-07 0.00156688 0.00526892 0.00156112 0.0049656 0.000849439 0.00666255 0.00613521 0.0234991 0.00740932 0.0230416 0.00362589 0.0295635 5260 -2.83302e-06 -2.44572e-06 -2.3577e-05 -1.32508e-05 0.164957 0.0632203 0 0 0 0.00232802 79 9.69395e-09
1.89332 8.13994e-06 -1.01847e-06 2.63132e-05 -8.03739e-07 0.00045981 0.0635582 -3.76999 -3.33961 0.483714 1.158 1.09272 0.140762 1.36833e-07 1.43808e-07 3.21864e-07 0.00157892 0.00531808 0.00157237 0.00501634 0.000842584 0.00664938 0.00619027 0.0237028 0.007464 0.0232561 0.00361499 0.0295294 5260 -2.924e-06 -2.47058e-06 -2.40713e-05 -1.34226e-05 0.167287 0.0632906 0 0 0 0.00233061 80 9.81703e-09
1.89537 8.18928e-06 -9.96839e-07 2.67836e-05 -6.72917e-07 0.000469307 0.0635927 -3.82403 -3.3878 0.470932 1.17648 1.10916 0.138925 1.36832e-07 1.43804e-07 3.21117e-07 0.00159103 0.00534537 0.00158371 0.00504358 0.000835868 0.00665047 0.00624562 0.0238195 0.00751904 0.0234008 0.00360411 0.0295865 5260 -3.01001e-06 -2.33583e-06 -2.45665e-05 -1.34466e-05 0.16962 0.0633337 0 0 0 0.00233219 81 9.94011e-09
1.89588 8.23995e-06 -9.59089e-07 2.72554e-05 -6.89035e-07 0.000478747 0.0636012 -3.86178 -3.42114 0.453008 1.19461 1.12529 0.136843 1.36839e-07 1.43804e-07 3.20985e-07 0.00160317 0.00535346 0.00159507 0.00505231 0.000829354 0.00665348 0.00630105 0.0238528 0.00757418 0.0234411 0.00359308 0.0295743 5260 -3.09596e-06 -2.33412e-06 -2.50635e-05 -1.34986e-05 0.171952 0.0633438 0 0 0 0.00233255 82 1.00632e-08
1.89537 8.28927e-06 -9.66217e-07 2.77243e-05 -6.41377e-07 0.000488184 0.0635927 -3.88451 -3.44053 0.430039 1.21249 1.14113 0.134747 1.3685e-07 1.43812e-07 3.21048e-07 0.0016153 0.00534373 0.00160641 0.0050438 0.000823114 0.00664947 0.0063564 0.0238145 0.00762922 0.0233987 0.00358224 0.0295837 5260 -3.18082e-06 -2.30442e-06 -2.5556e-05 -1.33738e-05 0.174284 0.0633354 0 0 0 0.00233225 83 1.01863e-08
1.89426 8.33617e-06 -9.5803e-07 2.81876e-05 -5.99503e-07 0.000497558 0.0635741 -3.89689 -3.44968 0.407102 1.2301 1.15676 0.132843 1.36875e-07 1.4383e-07 3.2086e-07 0.00162737 0.00532246 0.00161771 0.00502293 0.00081716 0.00664151 0.00641156 0.0237437 0.00768406 0.0233223 0.00357171 0.029548 5260 -3.26296e-06 -2.23057e-06 -2.60414e-05 -1.31816e-05 0.176616 0.0633185 0 0 0 0.00233163 84 1.03093e-08
1.89273 8.38083e-06 -9.05855e-07 2.86454e-05 -5.11937e-07 0.000506867 0.0635484 -3.90404 -3.45502 0.383142 1.24765 1.17239 0.130998 1.36893e-07 1.43832e-07 3.20765e-07 0.00163938 0.00529544 0.00162895 0.00499752 0.00081151 0.00663395 0.00646649 0.0236508 0.00773857 0.0231833 0.00356144 0.029531 5260 -3.34095e-06 -2.11792e-06 -2.6518e-05 -1.29429e-05 0.178947 0.0632945 0 0 0 0.00233075 85 1.04324e-08
1.89109 8.41794e-06 -8.6757e-07 2.90892e-05 -4.76603e-07 0.000516456 0.0635207 -3.90635 -3.45626 0.353912 1.26514 1.18793 0.129123 1.36913e-07 1.43842e-07 3.21071e-07 0.00165131 0.00526314 0.00164012 0.00496762 0.000806241 0.0066235 0.00652118 0.0235549 0.00779273 0.0230472 0.00355156 0.0295564 5260 -3.40996e-06 -1.87411e-06 -2.69794e-05 -1.25283e-05 0.181276 0.0632593 0 0 0 0.00232946 86 1.05555e-08
1.88969 8.44015e-06 -8.3959e-07 2.95148e-05 -3.99258e-07 0.000526148 0.0634973 -3.90749 -3.45587 0.325389 1.28245 1.20337 0.127539 1.36961e-07 1.43869e-07 3.21012e-07 0.00166317 0.00523082 0.00165121 0.00493651 0.000801356 0.0066075 0.00657556 0.0234273 0.00784653 0.0228975 0.00354257 0.0295168 5260 -3.46305e-06 -1.44191e-06 -2.74196e-05 -1.19548e-05 0.183605 0.063233 0 0 0 0.00232849 87 1.06786e-08
1.88844 8.44284e-06 -7.73812e-07 2.99228e-05 -2.81288e-07 0.000535812 0.0634762 -3.91356 -3.45967 0.301451 1.29988 1.21889 0.126019 1.37002e-07 1.43895e-07 3.21086e-07 0.00167496 0.00520483 0.00166224 0.00491121 0.000796793 0.00660383 0.00662966 0.0233134 0.00790004 0.0227788 0.00353413 0.0294818 5260 -3.4942e-06 -8.4591e-07 -2.78379e-05 -1.13603e-05 0.185932 0.0632127 0 0 0 0.00232775 88 1.08016e-08
1.88726 8.43262e-06 -6.22606e-07 3.03091e-05 -1.29573e-07 0.000545702 0.0634564 -3.92176 -3.46646 0.276089 1.31759 1.23462 0.124519 1.37019e-07 1.439e-07 3.21422e-07 0.0016867 0.00518106 0.00167322 0.00488954 0.000792575 0.00660323 0.00668353 0.0232209 0.00795333 0.0226909 0.00352596 0.0294606 5260 -3.50687e-06 -3.43947e-07 -2.82289e-05 -1.0619e-05 0.188259 0.0631867 0 0 0 0.00232679 89 1.09247e-08
1.88629 8.41514e-06 -5.19723e-07 3.06805e-05 8.82696e-09 0.000555723 0.06344 -3.93075 -3.47438 0.250674 1.33536 1.25052 0.12318 1.3704e-07 1.43896e-07 3.21671e-07 0.00169839 0.00515859 0.00168416 0.00486913 0.00078871 0.00660102 0.00673721 0.0231417 0.0080064 0.0225979 0.00351807 0.029461 5260 -3.50849e-06 -4.40553e-08 -2.86e-05 -1.00753e-05 0.190585 0.0631668 0 0 0 0.00232606 90 1.10478e-08
1.8855 8.39211e-06 -3.78223e-07 3.10372e-05 5.0202e-08 0.000565781 0.0634268 -3.94274 -3.48403 0.227282 1.35313 1.2664 0.121976 1.37073e-07 1.43906e-07 3.21871e-07 0.00171003 0.00514044 0.00169506 0.00485161 0.000785173 0.00660126 0.00679073 0.0230767 0.00805931 0.0225337 0.00351041 0.0294564 5260 -3.49936e-06 2.4797e-07 -2.89548e-05 -9.63576e-06 0.192911 0.0631525 0 0 0 0.00232554 91 1.11709e-08
1.88486 8.36444e-06 -3.0594e-07 3.13846e-05 1.15462e-07 0.00057588 0.0634161 -3.95954 -3.49757 0.204026 1.37114 1.28238 0.120937 1.37093e-07 1.43918e-07 3.21938e-07 0.00172165 0.00512783 0.00170593 0.00483921 0.00078197 0.00659911 0.00684413 0.0230264 0.0081121 0.0224846 0.00350288 0.0294835 5260 -3.48291e-06 4.46641e-07 -2.9298e-05 -9.3197e-06 0.195236 0.0631407 0 0 0 0.00232511 92 1.1294e-08
1.88438 8.33643e-06 -3.19392e-07 3.17307e-05 1.42919e-07 0.000585957 0.0634079 -3.97863 -3.51286 0.182156 1.38943 1.29857 0.120024 1.371e-07 1.43918e-07 3.21957e-07 0.00173325 0.00511753 0.00171678 0.00482871 0.000779084 0.00659791 0.00689744 0.0229902 0.00816478 0.02244 0.00349561 0.0294716 5260 -3.46663e-06 4.42091e-07 -2.96388e-05 -9.25412e-06 0.197561 0.0631331 0 0 0 0.00232483 93 1.1417e-08
1.88397 8.30978e-06 -3.85173e-07 3.20777e-05 1.12499e-07 0.000596092 0.063401 -3.99887 -3.52963 0.160554 1.40782 1.3148 0.119174 1.37107e-07 1.43925e-07 3.2208e-07 0.00174482 0.00510873 0.00172761 0.00482038 0.000776514 0.00659923 0.00695067 0.0229578 0.00821736 0.0223994 0.00348838 0.0294925 5260 -3.45413e-06 3.39641e-07 -2.99815e-05 -9.30808e-06 0.199885 0.0631246 0 0 0 0.00232452 94 1.15401e-08
1.88365 8.28448e-06 -4.42095e-07 3.24239e-05 4.53777e-08 0.000606262 0.0633956 -4.02082 -3.54789 0.139259 1.42626 1.33112 0.118461 1.37123e-07 1.43935e-07 3.22112e-07 0.00175639 0.00510233 0.00173843 0.00481405 0.000774258 0.00659905 0.00700384 0.022934 0.00826987 0.0223698 0.00348124 0.0294923 5260 -3.44507e-06 2.45847e-07 -3.03261e-05 -9.35725e-06 0.20221 0.0631183 0 0 0 0.00232429 95 1.16632e-08
1.8834 8.25931e-06 -4.53291e-07 3.27705e-05 3.17228e-08 0.000616468 0.0633914 -4.04527 -3.56855 0.118696 1.44487 1.34758 0.117854 1.37136e-07 1.43943e-07 3.22122e-07 0.00176795 0.00509883 0.00174925 0.00481067 0.000772309 0.00659913 0.00705697 0.0229195 0.00832233 0.0223493 0.00347418 0.0295055 5260 -3.43656e-06 2.31126e-07 -3.06714e-05 -9.37822e-06 0.204534 0.063113 0 0 0 0.00232409 96 1.17863e-08
1.88318 8.23537e-06 -4.6005e-07 3.31187e-05 3.23626e-08 0.000626697 0.0633877 -4.07117 -3.59061 0.0981238 1.46367 1.36419 0.117333 1.37143e-07 1.43946e-07 3.22159e-07 0.00177951 0.00509681 0.00176007 0.00480888 0.000770669 0.00659974 0.00711009 0.0229121 0.00837477 0.0223429 0.00346716 0.0295135 5260 -3.42952e-06 1.91176e-07 -3.10184e-05 -9.4228e-06 0.206858 0.0631088 0 0 0 0.00232394 97 1.19093e-08
1.883 8.21199e-06 -4.63403e-07 3.34679e-05 2.94084e-08 0.000636938 0.0633847 -4.09801 -3.61341 0.0776111 1.48259 1.3809 0.116904 1.37152e-07 1.43951e-07 3.22212e-07 0.00179108 0.00509596 0.00177089 0.00480808 0.000769338 0.00660075 0.00716319 0.0229101 0.00842721 0.0223413 0.00346018 0.0295158 5260 -3.42317e-06 1.72395e-07 -3.13665e-05 -9.45301e-06 0.209181 0.0631055 0 0 0 0.00232381 98 1.20324e-08
1.88291 8.18764e-06 -4.53447e-07 3.38158e-05 4.05129e-08 0.000647221 0.0633832 -4.12605 -3.63723 0.0550893 1.50171 1.39777 0.116598 1.37157e-07 1.43955e-07 3.22221e-07 0.00180264 0.00509628 0.00178172 0.00480837 0.000768351 0.00659975 0.0072163 0.0229104 0.00847965 0.0223416 0.00345327 0.0295025 5260 -3.41549e-06 2.08745e-07 -3.17129e-05 -9.4064e-06 0.211505 0.0631028 0 0 0 0.00232372 99 1.21555e-08
