2026/05/11 17:42:34  -0.004702690210  1.527105304503  0.000000000000  0.000000000000  0.000000000000  0.000000000000  0.057077077986  0  0.000000000000 0.000000000000  0.000000000000  0.000000000000  0.000000000000  0.000000000000  0.000000000000  0
2026/05/11 17:42:34  -0.002600108927  1.527105304503  0.000000000000  0.000000000000  0.000000000000  0.000000000000  0.057077077986  0  0.000000000000 0.000000000000  0.000000000000  0.000000000000  0.000000000000  0.000000000000  0.000000000000  0
2026/05/11 17:42:34  -0.000497527644  1.527105304503  0.000000000000  0.000000000000  0.000000000000  0.000000000000  0.057077077986  0  0.000000000000 0.000000000000  0.000000000000  0.000000000000  0.000000000000  0.000000000000  0.000000000000  0
2026/05/11 17:42:34  0.001605053639  1.527105304503  0.000000000000  0.000000000000  0.000000000000  0.000000000000  0.057077077986  0  0.000000000000 332.998790683752  299.130085749471  44928.579088040562  0.000000085728  0.000000034514  -0.000000064757  0
2026/05/11 17:42:34  0.003707699796  1.527199771935  0.000000000482  0.000000000435  0.000000013072  0.000000011821  0.057078844801  0  0.000000000000 -424.540171977064  -528.461870843137  42168.260755133146  0.000000111253  -0.000000017496  -0.000000063614  0
2026/05/11 17:42:34  0.005810406841  1.527288438135  0.000000000349  0.000000000108  -0.000000003611  -0.000000008886  0.057080503067  0  0.000000000000 -388.837916145770  -408.586701089213  35806.651961455165  0.000000116772  0.000000021029  -0.000000147086  0
2026/05/11 17:42:34  0.007913165588  1.527363729948  -0.000000000348  -0.000000000808  -0.000000018916  -0.000000024875  0.057081911163  0  0.000000000000 -66.405256104765  -105.901449673345  20733.236802558964  -0.000000007573  0.000000090778  -0.000000250215  0
2026/05/11 17:42:34  0.010015954273  1.527407327246  -0.000000001144  -0.000000001878  -0.000000021589  -0.000000029045  0.057082726497  0  0.000000000000 -108.934971600074  -96.981336738794  8345.511261078807  0.000000123958  0.000000040418  -0.000000192840  0
2026/05/11 17:42:34  0.012118755008  1.527424876140  -0.000000002098  -0.000000003086  -0.000000025900  -0.000000032776  0.057083054684  0  0.000000000000 143.768189504121  104.970152173507  -12547.514177971732  0.000000327017  0.000000004834  -0.000000542694  0
2026/05/11 17:42:34  0.014221537625  1.527398491336  -0.000000002844  -0.000000004133  -0.000000020249  -0.000000028428  0.057082561253  0  0.000000000000 221.008516938812  -79.644709475880  -39943.571221272265  0.000000096405  0.000000100681  -0.000000755543  0
2026/05/11 17:42:34  0.016324262567  1.527314499855  -0.000000003272  -0.000000005293  -0.000000011626  -0.000000031495  0.057080990473  0  0.000000000000 -1402.754051126961  -1601.391598665426  -81737.813580611808  -0.000000233118  0.000000289213  -0.000000841156  0
2026/05/11 17:42:34  0.018426869484  1.527142632567  -0.000000005739  -0.000000008779  -0.000000066983  -0.000000094626  0.057077776136  0  0.000000000000 -3647.906562524870  -4777.000226929164  -163160.052493315423  -0.000000306685  0.000000467920  -0.000001080196  0
2026/05/11 17:42:34  0.020529240810  1.526799590388  -0.000000013503  -0.000000019192  -0.000000210752  -0.000000282688  0.057071359870  0  0.000000000000 -6462.348824853188  -7139.707120921975  -340535.550763094332  0.000000079130  0.000000585670  -0.000001532358  0
2026/05/11 17:42:34  0.022631120423  1.526083742051  -0.000000030643  -0.000000039947  -0.000000465277  -0.000000563404  0.057057968318  0  0.000000000000 -10079.748836440653  -12911.068156405361  -461144.264471835108  -0.000000188155  0.000000552006  -0.000002281502  0
2026/05/11 17:42:34  0.024732334173  1.525114626011  -0.000000062398  -0.000000079409  -0.000000862033  -0.000001071257  0.057039833831  0  0.000000000000 -12153.390404741984  -13809.623437706347  -529376.555754453293  -0.000000895067  0.000000566156  -0.000002641064  0
2026/05/11 17:42:34  0.026832783532  1.524002495220  -0.000000111773  -0.000000138899  -0.000001340345  -0.000001614921  0.057019016111  0  0.000000000000 -14566.479673840846  -14839.333484198811  -883488.444460501079  -0.000000797481  0.000000621739  -0.000002544199  0
2026/05/11 17:42:34  0.028931957176  1.522147336326  -0.000000182266  -0.000000219906  -0.000001913589  -0.000002199013  0.056984272949  0  0.000000000000 -16887.953587086617  -20308.252597289731  -1336986.212149149505  0.000000011846  0.000000631714  -0.000003101095  0
2026/05/11 17:42:34  0.031029200263  1.519342061128  -0.000000277238  -0.000000330332  -0.000002578130  -0.000002997626  0.056931695998  0  0.000000000000 -12490.060102916306  -20884.102764060073  -1651699.199401420774  0.000000120642  0.000000497070  -0.000003134483  0
2026/05/11 17:42:34  0.033124058335  1.515880016629  -0.000000390318  -0.000000471010  -0.000003069634  -0.000003818813  0.056866742967  0  0.000000000000 -8995.866956845914  -15715.370667724701  -2271975.536022914574  -0.000000176271  0.000000253928  -0.000001955313  0
2026/05/11 17:42:34  0.035215635685  1.511124277969  -0.000000516436  -0.000000634459  -0.000003423566  -0.000004436937  0.056777397584  0  0.000000000000 -7182.177485316489  -17121.641294751011  -3096681.144515236374  -0.000000191629  0.000000153267  -0.000000939662  0
2026/05/11 17:42:34  0.037302741361  1.504654254541  -0.000000652963  -0.000000822717  -0.000003706108  -0.000005110373  0.056655620673  0  0.000000000000 -8303.536291110117  -26461.333624433177  -3716737.192424032371  0.000000001727  -0.000000016874  0.000000101094  0
2026/05/11 17:42:34  0.039384479867  1.496907006663  -0.000000801520  -0.000001049311  -0.000004032633  -0.000006150963  0.056509460072  0  0.000000000000 -3485.928084134297  -29213.164352329633  -3144551.948395202868  -0.000000247914  -0.000000288075  0.000001759425  0
2026/05/11 17:42:34  0.041461677366  1.490368012553  -0.000000955121  -0.000001318233  -0.000004169526  -0.000007299935  0.056385800643  0  0.000000000000 8691.326511175886  -12683.577303221144  -4608612.479938427918  -0.000001046188  -0.000000433407  0.000004068092  0
2026/05/11 17:42:34  0.043532219456  1.480810351825  -0.000001096122  -0.000001605559  -0.000003827453  -0.000007799409  0.056204567068  0  0.000000000000 23506.164631911292  8165.789452178497  -4566202.460039931349  -0.000001744840  -0.000000294660  0.000004113243  0
2026/05/11 17:42:34  0.045596167183  1.471370894506  -0.000001203064  -0.000001881100  -0.000002902879  -0.000007479442  0.056025001267  0  0.000000000000 -12278.676533022975  -23379.689920851910  -5623209.960143142380  -0.000000773868  0.000000145176  0.000005022419  0
2026/05/11 17:42:34  0.047651993777  1.459787718266  -0.000001327799  -0.000002190534  -0.000003385834  -0.000008399357  0.055803868670  0  0.000000000000 -25323.400679898816  -38566.754029780415  -6059360.626501329243  0.000000760538  0.000000431334  0.000006245667  0
2026/05/11 17:42:34  0.049699069008  1.447357239249  -0.000001489233  -0.000002555827  -0.000004381959  -0.000009915495  0.055565584460  0  0.000000000000 -23242.693317894445  -37051.401609622480  -4417577.214741053991  0.000001806636  0.000000406727  0.000010632857  0
2026/05/11 17:42:34  0.051739763837  1.438328220737  -0.000001684352  -0.000002974760  -0.000005296244  -0.000011371360  0.055391863343  0  0.000000000000 -3993.341096415119  -6415.662301764785  -5201937.760025652125  0.000001920438  -0.000000279508  0.000013477776  0
2026/05/11 17:42:34  0.053772945162  1.427732197282  -0.000001885253  -0.000003402947  -0.000005453102  -0.000011622405  0.055187297266  0  0.000000000000 -11.226445495561  -58.725124918353  -5341310.654344827868  0.000001782251  0.000000042191  0.000010967776  0
2026/05/11 17:42:34  0.055798411413  1.416892950187  -0.000002086173  -0.000003831181  -0.000005453573  -0.000011623558  0.054977250354  0  0.000000000000 -2261.178810113896  -2423.175954226237  -2920747.662786731962  0.000002129280  0.000000466691  0.000010784439  0
2026/05/11 17:42:34  0.057819658776  1.410983236487  -0.000002290381  -0.000004262878  -0.000005542797  -0.000011717472  0.054862392023  0  0.000000000000 -2445.275638545384  -4358.955764087319  -3476621.994353081100  0.000003570931  0.000000984696  0.000008657729  0
2026/05/11 17:42:34  0.059835884214  1.403964854259  -0.000002498157  -0.000004700808  -0.000005639593  -0.000011886584  0.054725673947  0  0.000000000000 -440.177798804734  -3411.349056008095  -1614812.882121937349  0.000004059829  0.000000247445  0.000013632998  0
2026/05/11 17:42:34  0.061849777041  1.400710911374  -0.000002706578  -0.000005143586  -0.000005657065  -0.000012018121  0.054662171470  0  0.000000000000 306.603050660161  -363.003178896720  -566300.184550993727  0.000004069824  -0.000000439508  0.000010854156  0
2026/05/11 17:42:35  0.063862851837  1.399570675338  -0.000002914544  -0.000005586794  -0.000005644726  -0.000012029777  0.054639901730  0  0.000000000000 -1007.637387364123  -352.287835474465  927146.193792438135  0.000003472029  -0.000000287009  0.000005254265  0
2026/05/11 17:42:35  0.065877265911  1.401437710546  -0.000003123963  -0.000006030429  -0.000005684168  -0.000012041396  0.054676361732  0  0.000000000000 -3053.629133511924  -2104.703047279905  2184942.183497273363  0.000002058953  -0.000000153875  0.000001385526  0
2026/05/11 17:42:35  0.067894836139  1.405842536138  -0.000003337802  -0.000006477063  -0.000005804153  -0.000012122837  0.054762284531  0  0.000000000000 -6522.418051293434  -5367.746030072844  4039370.141077389941  0.000000746309  -0.000000215773  -0.000001331785  0
2026/05/11 17:42:35  0.069918241128  1.414004032171  -0.000003561083  -0.000006931451  -0.000006060507  -0.000012333442  0.054921132664  0  0.000000000000 -8032.921468241201  -4534.784917258802  4024103.268155108206  -0.000000792272  -0.000000176771  -0.000002071601  0
2026/05/11 17:42:35  0.071947458674  1.422158116672  -0.000003795996  -0.000007392425  -0.000006376287  -0.000012512285  0.055079380428  0  0.000000000000 24520.467968304842  19917.490934768215  4532101.051051884890  0.000001436511  -0.000000630425  -0.000000392970  0
2026/05/11 17:42:35  0.073983222367  1.431369568118  -0.000003995367  -0.000007824504  -0.000005411611  -0.000011728098  0.055257605193  0  0.000000000000 49940.444793221090  24747.708102094130  8367581.547257991508  0.000003264031  -0.000000520851  -0.000001184869  0
2026/05/11 17:42:35  0.076031071649  1.448454548081  -0.000004122370  -0.000008220643  -0.000003447364  -0.000010752765  0.055586660136  0  0.000000000000 45990.164600914635  38066.671244723577  4825260.131130477414  0.000007218358  -0.000000430763  -0.000003961662  0
2026/05/11 17:42:35  0.078085889922  1.458352765681  -0.000004182734  -0.000008561455  -0.000001638519  -0.000009251063  0.055776413375  0  0.000000000000 43169.617014427015  24958.904035362124  6183443.289422288537  0.000006655225  0.000000038051  -0.000011259038  0
2026/05/11 17:42:35  0.080149638450  1.471086225936  -0.000004180556  -0.000008865942  0.000000059101  -0.000008265176  0.056019577134  0  0.000000000000 -9447.733913010881  -12459.926333714380  5174303.265404558741  0.000004536709  0.000000563716  -0.000009162568  0
2026/05/11 17:42:35  0.082220859533  1.481784017693  -0.000004192080  -0.000009188366  -0.000000312802  -0.000008752166  0.056223056485  0  0.000000000000 -56065.062625760336  -28837.329276648230  5480679.578008728102  0.000002285710  0.000000566091  -0.000003695643  0
2026/05/11 17:42:35  0.084299995351  1.493157404123  -0.000004284838  -0.000009552507  -0.000002517934  -0.000009884677  0.056438584078  0  0.000000000000 -46821.269032956989  -29595.724698276514  6314247.780522341840  0.000000637254  0.000000681452  -0.000002810883  0
2026/05/11 17:42:35  0.086388249315  1.506314368004  -0.000004445440  -0.000009959501  -0.000004359633  -0.000011048104  0.056686891719  0  0.000000000000 199.079079716085  -8288.895447691231  7451452.876644595526  0.000000403389  0.000000437264  -0.000000796599  0
2026/05/11 17:42:35  0.088487263122  1.521914980017  -0.000004605761  -0.000010378486  -0.000004352096  -0.000011373795  0.056979919924  0  0.000000000000 45857.590126778021  8572.559373970391  6163215.039494073018  -0.000000057465  -0.000000033395  0.000000066058  0
2026/05/11 17:42:35  0.090595176162  1.534879075483  -0.000004699649  -0.000010785049  -0.000002548725  -0.000011036718  0.057222288207  0  0.000000000000 42158.774236286743  -15674.988163764001  4743519.894856671803  -0.000000322230  -0.000000091985  0.000001136872  0
2026/05/11 17:42:35  0.092709938246  1.544894245651  -0.000004732462  -0.000011214322  -0.000000890771  -0.000011653354  0.057408827012  0  0.000000000000 32765.735404372543  -13303.403194010594  3282993.823858137708  0.000000159885  0.000000099013  0.000003016345  0
2026/05/11 17:42:35  0.094829440431  1.551844776261  -0.000004717813  -0.000011662860  0.000000397674  -0.000012176402  0.057537930665  0  0.000000000000 27472.282028464611  8146.699239225128  3477798.470175229944  0.000002640227  0.000000171391  0.000003956875  0
2026/05/11 17:42:35  0.096953963867  1.559224708010  -0.000004663373  -0.000012099526  0.000001477904  -0.000011854243  0.057674695006  0  0.000000000000 17956.267946887321  19393.786353959713  2311459.520114535000  0.000005379450  0.000000785825  0.000006469574  0
2026/05/11 17:42:35  0.099081824528  1.564139314105  -0.000004582941  -0.000012507963  0.000002183499  -0.000011087928  0.057765593097  0  0.000000000000 13972.433566403815  10995.450440997523  1546369.981901573483  0.000004947044  0.000002466143  0.000007375583  0
2026/05/11 17:42:35  0.101211917767  1.567431499653  -0.000004482332  -0.000012900346  0.000002731286  -0.000010652168  0.057826404060  0  0.000000000000 11734.550608930454  5431.235796520139  779872.614527380443  0.000002704226  0.000003564529  0.000008635378  0
2026/05/11 17:42:35  0.103343136942  1.569093139832  -0.000004364813  -0.000013284793  0.000003190319  -0.000010436744  0.057857072532  0  0.000000000000 8852.655808435551  7558.959507455810  248396.908460380335  -0.000003572803  0.000003381349  0.000010022939  0
2026/05/11 17:42:35  0.105474714737  1.569622572523  -0.000004234556  -0.000013658380  0.000003536146  -0.000010141921  0.057866840734  0  0.000000000000 7238.342849110263  7728.877363459740  -116501.520753188175  0.000006025244  -0.000001246375  0.000010477478  0
2026/05/11 17:42:35  0.107606124334  1.569374250342  -0.000004093782  -0.000014020620  0.000003821641  -0.000009833880  0.057862259315  0  0.000000000000 5347.095175253417  3462.622140499047  -315830.418868989334  0.000000838321  -0.000005808433  0.000011031821  0
2026/05/11 17:42:35  0.109737077955  1.568701158463  -0.000003945117  -0.000014377823  0.000004035869  -0.000009697143  0.057849839291  0  0.000000000000 3254.697006596563  2987.333988321957  -454778.966601880034  -0.000010046333  -0.000005159546  0.000014186239  0
2026/05/11 17:42:35  0.111867374991  1.567732194962  -0.000003791608  -0.000014730952  0.000004167371  -0.000009586506  0.057831955118  0  0.000000000000 4461.055588411223  4145.028122651261  -427179.489841864910  -0.000010963877  -0.000002443842  0.000011468696  0
2026/05/11 17:42:35  0.113997055288  1.566822307566  -0.000003631575  -0.000015078351  0.000004344464  -0.000009430965  0.057815156294  0  0.000000000000 1045.402613312398  2304.100252890253  -161533.010805427009  -0.000008195656  -0.000000312076  0.000009697938  0
2026/05/11 17:42:35  0.116126502371  1.566478312738  -0.000003470020  -0.000015422618  0.000004385786  -0.000009345933  0.057808804011  0  0.000000000000 -2471.287471246857  292.678219273385  270182.784716178779  -0.000003343288  -0.000000653790  0.000011284909  0
2026/05/11 17:42:35  0.118256339531  1.567053705261  -0.000003312029  -0.000015766545  0.000004289046  -0.000009336699  0.057819428942  0  0.000000000000 -6556.969430922223  2865.312185041088  740606.846866581938  0.000001438449  -0.000000065733  0.000008084518  0
2026/05/11 17:42:35  0.120387245939  1.568631472940  -0.000003163535  -0.000016106284  0.000004031237  -0.000009223042  0.057848553289  0  0.000000000000 -13454.870513034724  2254.499530280284  1354093.040488184197  0.000004654760  0.000001281037  0.000010949643  0
2026/05/11 17:42:35  0.122520107297  1.571518241627  -0.000003034563  -0.000016442640  0.000003501251  -0.000009131214  0.057901802965  0  0.000000000000 -13436.901625421353  -3746.746406744172  2369013.043350059073  0.000004820166  0.000003583598  0.000009082949  0
2026/05/11 17:42:35  0.124656388839  1.576575068450  -0.000002925147  -0.000016784301  0.000002970400  -0.000009275267  0.057994964347  0  0.000000000000 12591.710312224694  12703.665303577485  3850244.080287293997  0.000003367066  0.000003050569  0.000009295462  0
2026/05/11 17:42:35  0.126798228924  1.584810973404  -0.000002797568  -0.000017107471  0.000003463483  -0.000008773395  0.058146375103  0  0.000000000000 31436.484652143143  30453.381522638319  4850640.534267305396  0.000004153899  0.000001431935  0.000008670923  0
2026/05/11 17:42:35  0.128947071601  1.595217251677  -0.000002624491  -0.000017386421  0.000004698739  -0.000007572969  0.058337126425  0  0.000000000000 21537.442402178702  24589.894415116243  4774397.805298427120  0.000006750013  0.000001000197  0.000011109711  0
2026/05/11 17:42:35  0.131102806577  1.605493133162  -0.000002420243  -0.000017629578  0.000005545010  -0.000006601331  0.058524879504  0  0.000000000000 -19981.061136199420  -7692.794489870306  7327634.196058292873  0.000007585022  0.000000300508  0.000009802259  0
2026/05/11 17:42:35  0.133269119250  1.621328322993  -0.000002244949  -0.000017883680  0.000004759047  -0.000006898613  0.058813038543  0  0.000000000000 -65748.258124653468  -37533.483311599790  10029059.363907359540  0.000004745504  -0.000000175644  0.000004055772  0
2026/05/11 17:42:35  0.135449908353  1.643126991161  -0.000002164888  -0.000018192022  0.000002173620  -0.000008371321  0.059207431061  0  0.000000000000 -77741.827160781017  -59938.044410508221  7583445.786793858744  0.000002458791  -0.000000227880  0.000000921813  0
2026/05/11 17:42:35  0.137641643098  1.659706387595  -0.000002197426  -0.000018587110  -0.000000883417  -0.000010726666  0.059505649884  0  0.000000000000 -48974.553864189438  -31737.297250172640  8268519.724035832100  0.000001111775  -0.000000192324  0.000000160897  0
2026/05/11 17:42:35  0.139845311632  1.677878124451  -0.000002300894  -0.000019028131  -0.000002809205  -0.000011973954  0.059830809223  0  0.000000000000 9383.232982284830  13808.363355896097  12370039.618767252192  0.000000104398  -0.000000041959  0.000000326913  0
2026/05/11 17:42:35  0.142066832300  1.705248004436  -0.000002390767  -0.000019449137  -0.000002440180  -0.000011430866  0.060317260732  0  0.000000000000 18958.790484614274  21719.756256595876  8011128.895907264203  -0.000000021188  0.000000001479  -0.000000014686  0
2026/05/11 17:42:35  0.144299913595  1.723091197196  -0.000002453180  -0.000019838677  -0.000001694627  -0.000010576752  0.060632298183  0  0.000000000000 14197.716835944368  10930.895546695401  8718241.778858711943  -0.000000516449  0.000000034381  0.000000203715  0
2026/05/11 17:42:35  0.146545575181  1.742614576209  -0.000002495030  -0.000020212392  -0.000001136326  -0.000010147265  0.060975142830  0  0.000000000000 11685.808152167458  2229.395385661698  11105824.956124059856  -0.000001205826  0.000000102067  0.000001359641  0
2026/05/11 17:42:35  0.148807261167  1.767643479849  -0.000002519957  -0.000020582900  -0.000000676856  -0.000010060462  0.061411879129  0  0.000000000000 5386.039127137947  -9454.274333141320  10857936.545832145959  -0.000002290010  0.000000071162  0.000003584673  0
2026/05/11 17:42:36  0.151084612636  1.792285767230  -0.000002537086  -0.000020967152  -0.000000465102  -0.000010433912  0.061838867221  0  0.000000000000 -5448.486806427191  -11158.080815003656  10265730.740467105061  -0.000002347680  -0.000000217706  0.000004855922  0
2026/05/11 17:42:36  0.153376774036  1.815740458672  -0.000002562098  -0.000021367616  -0.000000679205  -0.000010874417  0.062242566834  0  0.000000000000 -7595.177868225037  -10514.628203483666  6695710.236221228726  -0.000002287079  -0.000000563047  0.000005550324  0
2026/05/11 17:42:36  0.155678594452  1.831120441930  -0.000002598094  -0.000021783363  -0.000000977473  -0.000011289583  0.062505875478  0  0.000000000000 -1041.252655646141  -2546.878911102025  5082936.391181628220  -0.000002773540  -0.000000189973  0.000008635229  0
2026/05/11 17:42:36  0.157987747032  1.842839081320  -0.000002635593  -0.000022202867  -0.000001018282  -0.000011391782  0.062705761828  0  0.000000000000 -1885.586639192220  -5340.933299317066  5364152.528521456756  -0.000003085703  0.000000241265  0.000018214185  0
2026/05/11 17:42:36  0.160304637134  1.855246478668  -0.000002675828  -0.000022630185  -0.000001092613  -0.000011604094  0.062916706996  0  0.000000000000 -18583.795787109455  -21751.924105195743  4985961.667560869828  -0.000003586886  -0.000000580637  0.000010254155  0
2026/05/11 17:42:36  0.162628718960  1.866816330914  -0.000002742958  -0.000023089094  -0.000001822991  -0.000012462147  0.063112779818  0  0.000000000000 -15853.029120995016  -20011.600288520578  2733792.394164780620  -0.000002339484  -0.000000939337  0.000013129123  0
2026/05/11 17:42:36  0.164956743881  1.873175276890  -0.000002833019  -0.000023577043  -0.000002445715  -0.000013250841  0.063220286138  0  0.000000000000 -635.760529464999  -4414.608186907452  1789057.540615325095  0.000002432866  -0.000000190031  0.000011472512  0
2026/05/11 17:42:36  0.167287349213  1.877342555025  -0.000002923995  -0.000024071317  -0.000002470577  -0.000013422635  0.063290640783  0  0.000000000000 3458.479492501674  -687.732015651528  1095288.447429382708  0.000004175240  0.000001690700  0.000013946443  0
2026/05/11 17:42:36  0.169619534294  1.879896104879  -0.000003010010  -0.000024566470  -0.000002335834  -0.000013446569  0.063333712975  0  0.000000000000 105.021778612646  -1366.330870225685  256292.616701218562  0.000002333025  0.000003237325  0.000014675702  0
2026/05/11 17:42:36  0.171952089027  1.880493873984  -0.000003095961  -0.000025063537  -0.000002334119  -0.000013498561  0.063343791676  0  0.000000000000 801.194687326477  3173.050982807761  -213599.572887243092  -0.000000049399  0.000002422113  0.000015505593  0
2026/05/11 17:42:36  0.174284335685  1.879995674269  -0.000003180818  -0.000025556011  -0.000002304419  -0.000013373817  0.063335391878  0  0.000000000000 1894.471518378573  4936.934780168609  -430260.308567786182  -0.000002613611  0.000000875047  0.000007459578  0
2026/05/11 17:42:36  0.176615961774  1.878992334744  -0.000003262956  -0.000026041408  -0.000002230572  -0.000013181620  0.063318471902  0  0.000000000000 2881.370499454648  6092.246543197450  -608458.391205013148  -0.000001215010  0.000000881008  0.000007392033  0
2026/05/11 17:42:36  0.178946710274  1.877573904494  -0.000003340946  -0.000026518018  -0.000002117920  -0.000012942947  0.063294544290  0  0.000000000000 6223.501401522280  10543.177384411303  -896332.329113406129  0.000000021185  0.000001245098  0.000007194928  0
2026/05/11 17:42:36  0.181276165973  1.875485358993  -0.000003409958  -0.000026979360  -0.000001874109  -0.000012528321  0.063259296043  0  0.000000000000 11014.375346384048  14589.157502287544  -669304.626948419958  -0.000000284434  0.000001257758  0.000005480445  0
2026/05/11 17:42:36  0.183604656312  1.873926566827  -0.000003463055  -0.000027419583  -0.000001441906  -0.000011954814  0.063232975654  0  0.000000000000 15171.668769124000  15140.704317321864  -516336.750043095497  -0.000001153163  0.000000845681  0.000003685518  0
2026/05/11 17:42:36  0.185932401920  1.872724474146  -0.000003494205  -0.000027837914  -0.000000845910  -0.000011360264  0.063212670724  0  0.000000000000 12772.395175698663  18858.768289787578  -660591.697007727344  -0.000000476471  0.000000418143  0.000001768409  0
2026/05/11 17:42:36  0.188259194726  1.871187099680  -0.000003506870  -0.000028228949  -0.000000343947  -0.000010618998  0.063186692971  0  0.000000000000 7633.391730145168  13826.892559266154  -506108.402301856957  -0.000000043772  0.000000392101  0.000001191550  0
2026/05/11 17:42:36  0.190585257547  1.870009675209  -0.000003508492  -0.000028599963  -0.000000044055  -0.000010075288  0.063166790271  0  0.000000000000 7431.214119148582  11178.628800011000  -362950.816025482141  -0.000000093112  0.000000277990  0.000000559790  0
2026/05/11 17:42:36  0.192910796864  1.869165523951  -0.000003499361  -0.000028954792  0.000000247970  -0.000009635758  0.063152517238  0  0.000000000000 5054.098866034542  8040.672858540000  -300576.000681121717  -0.000000193058  0.000000109744  0.000000288465  0
2026/05/11 17:42:36  0.195235902642  1.868466587913  -0.000003482914  -0.000029297982  0.000000446641  -0.000009319702  0.063140697094  0  0.000000000000 -115.153816685094  1668.068498765747  -192328.391586940037  -0.000000017233  0.000000028493  0.000000148449  0
2026/05/11 17:42:36  0.197560731014  1.868019430809  -0.000003466634  -0.000029638758  0.000000442091  -0.000009254118  0.063133133785  0  0.000000000000 -2605.201457767145  -1372.472742352479  -217205.014742602507  0.000000020042  0.000000001652  0.000000056553  0
2026/05/11 17:42:36  0.199885246096  1.867514500535  -0.000003454127  -0.000029981521  0.000000339641  -0.000009308076  0.063124592203  0  0.000000000000 -2385.088446680089  -1250.429005563143  -159104.019896764716  -0.000000001645  -0.000000000381  -0.000000003306  0
2026/05/11 17:42:36  0.202209531693  1.867144679158  -0.000003445074  -0.000030326095  0.000000245847  -0.000009357250  0.063118335441  0  0.000000000000 -374.472750639539  -533.391515139829  -134415.273689041176  0.000000003777  -0.000000006921  -0.000000019734  0
2026/05/11 17:42:36  0.204533623413  1.866832272754  -0.000003436563  -0.000030671441  0.000000231126  -0.000009378223  0.063113049564  0  0.000000000000 -1015.923349090835  -1133.273990274535  -107405.356894358803  -0.000000021114  -0.000000001241  -0.000000038021  0
2026/05/11 17:42:36  0.206857560215  1.866582661214  -0.000003429523  -0.000031018429  0.000000191176  -0.000009422805  0.063108825851  0  0.000000000000 -477.576735648070  -767.294121175362  -85253.239751979942  -0.000000040413  0.000000001049  -0.000000040545  0
2026/05/11 17:42:36  0.209181374050  1.866384543347  -0.000003423175  -0.000031366529  0.000000172395  -0.000009453008  0.063105473269  0  0.000000000000 923.809383676563  1185.472257403677  -67405.108629856550  -0.000000013890  -0.000000029246  -0.000000034022  0
2026/05/11 17:42:36  0.211505090663  1.866227909725  -0.000003415488  -0.000031712913  0.000000208745  -0.000009406400  0.063102822565  0  0.000000000000 0.000000000000  0.000000000000  0.000000000000  0.000000000000  0.000000000000  0.000000000000  0
2026/05/11 17:42:36  0.213828807275  1.866227909725  -0.000003407801  -0.000032059297  0.000000208745  -0.000009406400  0.063102822565  0  0.000000000000 0.000000000000  0.000000000000  0.000000000000  0.000000000000  0.000000000000  0.000000000000  0
